
26
140

14
140

1114
60
0
0
0
0
1179
60
1214
60
1179
60
2
60
1
60
1
60
1
60
1
60
1147
60
13301
90
13063
90
3
90
2
90
11
130
11
130
12
130
12
130
14
130
11
130
12
130
21
140
21
140
23
140
18
140
15
140
15
140
14
140
14
140
14
140
15
140
15
140
17
140
14
140
14
140
14
140
23
140
20
150
17
150
16
150
16
150
0
0
29
150
2
70
2
80
2
90
3
100
8
110
10
120
14
130
23
140
29
150
31
160
23
140
29
150
32
160
32
170
35
180
36
190
40
200
76
210
78
220
97
230
77
240
79
250
78
230
78
240
32
240
79
240
38
240
31
240
47
240
130
240
78
240
81
240
78
240
79
240
99
240
81
240
198
240
198
240
213
240
198
240
78
240
198
240
75
240
62
240
22699
240
31939
240
21392
240
63649
240
8177
240
21408
240
78
240
218
240
171
240
187
240
187
240
62
240
187
240
796
400
641
400
643
400
651
400
639
400
655
400
113320
400
25331
100
6723
80
6656
80
6620
80
3
20
3
20
2
20
3
20
1
20
3
20
1137
60
1192
60
1167
60
39488
60
9827
60
10918
60
13452
60
34068
60
1661
60
1230
60
1215
60
1266
60
0
120
0
120
1
120
1
170
1
170
1
170
1
170
249
200
2
230
4
440
5
440
1181
440
49
190
177
190
179
190
176
190
175
190
178
190
192
190
177
190
177
190
209
190
181
190
176
190
174
190
50
190
178
190
85
190
50
190
190
190
28
190
49
190
188
190
49
190
166
190
28
190
28
190
27
190
28
190
29
190
28
190
0
41
0
41
0
41
282
133
0
7
0
7
0
6
0
6
0
6
0
6
0
6
0
6
1
41
0
7
0
6
0
7
0
7
64799
7
1
7
0
7
3178
7
0
6
0
6
0
7
0
7
0
41
0
41
283
133
30
190
408
190
89
190
1210
190
94
190
15
100
390
200
31
300
31
400
31
500
31
600
31
190
296
190
31
190
312
190
62
190
62
190
62
190
78
190
31
190
374
190
62
190
15
190
296
190
78
190
0
190
0
190
0
190
0
290
3120
290
1684
290
1669
290
3385
290
1716
290
733
290
514
290
499
290
561
290
499
290
499
290
514
290
499
290
646
290
583
290
581
290
578
290
550
280
517
270
494
260
469
250
452
240
395
230
363
220
136
210
270
200
207
190
660
300
133
210
298
200
315
210
355
210
304
210
323
210
350
210
273
200
270
200
299
210
302
210
528
220
372
220
392
230
417
230
416
240
416
240
467
250
454
250
459
260
454
260
485
270
472
270
505
280
489
280
544
290
529
290
114
200
279
200
303
200
621
250
448
250
441
250
566
300
608
300
587
300
724
350
738
350
716
350
909
400
920
400
928
400
1125
450
1117
450
1115
450
1386
500
1452
500
1382
500
1699
550
1695
550
1674
550
1938
600
1962
600
1884
600
0
6
430774
600
104902
600
32549
600
1875
600
1848
600
1855
600
1858
600
2213
600
112628
600
27871
600
5417
6
0
10
0
12
82894
600
12689
600
11917
100
60264
100
132086
100
2522
200
